4183 4217 5630 3557 03/26 593
4183 4213 4824 6629 03/26 473
4183 4217 8987 4483 03/26 967
4183 4214 6014 1210 03/26 609
4183 4216 9631 0316 03/26 903
4183 4218 9650 5772 03/26 241
4183 4217 9731 7111 03/26 737
4183 4212 9179 0441 03/26 067
4183 4219 2888 9673 03/26 784
4183 4215 2617 9527 03/26 875
4183 4218 9748 1338 03/26 421
4183 4215 9784 4017 03/26 358
4183 4212 4473 1419 03/26 415
4183 4212 1017 0790 03/26 277
4183 4216 4166 4593 03/26 647
4183 4219 8849 4554 03/26 996
4183 4213 2438 7256 03/26 925
4183 4217 0617 0130 03/26 246
4183 4210 5462 4233 03/26 408
4183 4211 8669 6471 03/26 678
4183 4218 1011 5153 03/26 964
4183 4216 1367 4158 03/26 628
4183 4217 7879 0757 03/26 236
4183 4210 3470 2281 03/26 923
4183 4210 0483 8784 03/26 892
4183 4219 1601 3559 03/26 608
4183 4219 6954 4948 03/26 873
4183 4212 2774 7473 03/26 994
4183 4213 1266 7909 03/26 260
4183 4217 8967 8454 03/26 058
4183 4211 3787 2213 03/26 214
4183 4212 0753 9791 03/26 087
4183 4211 7486 2572 03/26 858
4183 4218 3140 3000 03/26 207
4183 4217 3115 0370 03/26 381
4183 4214 9638 7597 03/26 587
4183 4218 5043 4688 03/26 432
4183 4217 8036 3403 03/26 895
4183 4215 7279 4468 03/26 866
4183 4216 8293 5431 03/26 434
4183 4215 1200 0984 03/26 867
4183 4212 0688 3323 03/26 512
4183 4214 4390 8578 03/26 425
4183 4219 7441 5225 03/26 315
4183 4210 0112 6233 03/26 520
4183 4211 2515 7015 03/26 872
4183 4219 4695 9813 03/26 823
4183 4216 0742 3364 03/26 096
4183 4215 1151 2948 03/26 158
4183 4218 3820 2629 03/26 656